   fluence           surface atomic fractions of components
   (Angs^-2) 
   0.00000E+00       0.00000E+00  0.00000E+00  0.50000E+00  0.50000E+00
   0.10000E-01       0.56903E-04  0.19243E-02  0.49702E+00  0.50100E+00
   0.20000E-01       0.31668E-04  0.40916E-02  0.49351E+00  0.50237E+00
   0.30000E-01       0.38866E-04  0.61294E-02  0.49064E+00  0.50319E+00
   0.40000E-01       0.15955E-03  0.80358E-02  0.48723E+00  0.50457E+00
   0.50000E-01       0.19858E-03  0.96357E-02  0.48475E+00  0.50541E+00
   0.60000E-01       0.21611E-03  0.11652E-01  0.48171E+00  0.50643E+00
   0.70000E-01       0.26015E-03  0.13224E-01  0.47949E+00  0.50703E+00
   0.80000E-01       0.27474E-03  0.14787E-01  0.47692E+00  0.50802E+00
   0.90000E-01       0.31611E-03  0.16488E-01  0.47418E+00  0.50901E+00
   0.10000E+00       0.34091E-03  0.18338E-01  0.47066E+00  0.51066E+00
   0.11000E+00       0.38657E-03  0.19485E-01  0.46871E+00  0.51142E+00
   0.12000E+00       0.43769E-03  0.20473E-01  0.46628E+00  0.51281E+00
   0.13000E+00       0.47369E-03  0.21781E-01  0.46353E+00  0.51421E+00
   0.14000E+00       0.54704E-03  0.23400E-01  0.46186E+00  0.51419E+00
   0.15000E+00       0.58831E-03  0.24759E-01  0.45993E+00  0.51473E+00
   0.16000E+00       0.68541E-03  0.25956E-01  0.45733E+00  0.51603E+00
   0.17000E+00       0.79395E-03  0.26801E-01  0.45597E+00  0.51644E+00
   0.18000E+00       0.85151E-03  0.27566E-01  0.45424E+00  0.51735E+00
   0.19000E+00       0.91590E-03  0.28119E-01  0.45326E+00  0.51770E+00
   0.20000E+00       0.96092E-03  0.29102E-01  0.45126E+00  0.51868E+00
   0.21000E+00       0.10430E-02  0.30450E-01  0.44874E+00  0.51976E+00
   0.22000E+00       0.11568E-02  0.31448E-01  0.44611E+00  0.52128E+00
   0.23000E+00       0.12316E-02  0.32215E-01  0.44506E+00  0.52149E+00
   0.24000E+00       0.13264E-02  0.33620E-01  0.44189E+00  0.52316E+00
   0.25000E+00       0.14006E-02  0.34526E-01  0.44026E+00  0.52381E+00
   0.26000E+00       0.14527E-02  0.35658E-01  0.43810E+00  0.52479E+00
   0.27000E+00       0.15683E-02  0.36922E-01  0.43645E+00  0.52506E+00
   0.28000E+00       0.15946E-02  0.38155E-01  0.43409E+00  0.52616E+00
   0.29000E+00       0.16295E-02  0.38994E-01  0.43322E+00  0.52616E+00
   0.30000E+00       0.16885E-02  0.40296E-01  0.43243E+00  0.52559E+00
   0.31000E+00       0.17358E-02  0.41190E-01  0.43190E+00  0.52517E+00
   0.32000E+00       0.18487E-02  0.42406E-01  0.43088E+00  0.52486E+00
   0.33000E+00       0.22916E-02  0.44453E-01  0.44739E+00  0.50587E+00
   0.34000E+00       0.23221E-02  0.45829E-01  0.44549E+00  0.50636E+00
   0.35000E+00       0.23031E-02  0.46765E-01  0.44313E+00  0.50780E+00
   0.36000E+00       0.23217E-02  0.48078E-01  0.44070E+00  0.50890E+00
   0.37000E+00       0.23090E-02  0.49354E-01  0.43765E+00  0.51068E+00
   0.38000E+00       0.23367E-02  0.50112E-01  0.43540E+00  0.51215E+00
   0.39000E+00       0.24161E-02  0.50892E-01  0.43332E+00  0.51338E+00
   0.40000E+00       0.24309E-02  0.52672E-01  0.43064E+00  0.51426E+00
   0.41000E+00       0.23953E-02  0.53334E-01  0.42844E+00  0.51583E+00
   0.42000E+00       0.23708E-02  0.54604E-01  0.42599E+00  0.51704E+00
   0.43000E+00       0.24334E-02  0.55742E-01  0.42378E+00  0.51805E+00
   0.44000E+00       0.24603E-02  0.57089E-01  0.42114E+00  0.51931E+00
   0.45000E+00       0.24738E-02  0.58193E-01  0.41945E+00  0.51988E+00
   0.46000E+00       0.25080E-02  0.59114E-01  0.41708E+00  0.52130E+00
   0.47000E+00       0.25670E-02  0.59862E-01  0.41609E+00  0.52148E+00
   0.48000E+00       0.26295E-02  0.60605E-01  0.41414E+00  0.52262E+00
   0.49000E+00       0.27057E-02  0.61376E-01  0.41184E+00  0.52408E+00
   0.50000E+00       0.28001E-02  0.61427E-01  0.40992E+00  0.52585E+00
   0.51000E+00       0.27771E-02  0.62857E-01  0.40777E+00  0.52660E+00
   0.52000E+00       0.28429E-02  0.63862E-01  0.40575E+00  0.52754E+00
   0.53000E+00       0.28853E-02  0.65051E-01  0.40391E+00  0.52816E+00
   0.54000E+00       0.29270E-02  0.65683E-01  0.40250E+00  0.52889E+00
   0.55000E+00       0.30431E-02  0.67220E-01  0.40048E+00  0.52925E+00
   0.56000E+00       0.30704E-02  0.68651E-01  0.39968E+00  0.52860E+00
   0.57000E+00       0.33053E-02  0.74454E-01  0.40830E+00  0.51394E+00
   0.58000E+00       0.33325E-02  0.75649E-01  0.40623E+00  0.51479E+00
   0.59000E+00       0.33253E-02  0.76053E-01  0.40391E+00  0.51671E+00
   0.60000E+00       0.34088E-02  0.76620E-01  0.40172E+00  0.51825E+00
   0.61000E+00       0.34659E-02  0.77177E-01  0.39904E+00  0.52032E+00
   0.62000E+00       0.34711E-02  0.77632E-01  0.39809E+00  0.52081E+00
   0.63000E+00       0.34129E-02  0.78238E-01  0.39583E+00  0.52252E+00
   0.64000E+00       0.34933E-02  0.78418E-01  0.39366E+00  0.52443E+00
   0.65000E+00       0.34600E-02  0.78604E-01  0.39198E+00  0.52595E+00
   0.66000E+00       0.35772E-02  0.79405E-01  0.38972E+00  0.52730E+00
   0.67000E+00       0.35927E-02  0.80242E-01  0.38760E+00  0.52857E+00
   0.68000E+00       0.36313E-02  0.81248E-01  0.38583E+00  0.52929E+00
   0.69000E+00       0.36885E-02  0.82922E-01  0.38310E+00  0.53029E+00
   0.70000E+00       0.36694E-02  0.84016E-01  0.38151E+00  0.53080E+00
   0.71000E+00       0.37272E-02  0.84482E-01  0.38008E+00  0.53171E+00
   0.72000E+00       0.38175E-02  0.85216E-01  0.37811E+00  0.53286E+00
   0.73000E+00       0.38411E-02  0.85634E-01  0.37671E+00  0.53381E+00
   0.74000E+00       0.39045E-02  0.87107E-01  0.37371E+00  0.53528E+00
   0.75000E+00       0.40364E-02  0.93562E-01  0.37660E+00  0.52580E+00
   0.76000E+00       0.40585E-02  0.94454E-01  0.37536E+00  0.52613E+00
   0.77000E+00       0.41190E-02  0.94198E-01  0.37280E+00  0.52889E+00
   0.78000E+00       0.41842E-02  0.94507E-01  0.37024E+00  0.53107E+00
   0.79000E+00       0.42844E-02  0.94262E-01  0.36850E+00  0.53295E+00
   0.80000E+00       0.42694E-02  0.94413E-01  0.36631E+00  0.53501E+00
   0.81000E+00       0.43542E-02  0.94339E-01  0.36438E+00  0.53692E+00
   0.82000E+00       0.42976E-02  0.94347E-01  0.36295E+00  0.53841E+00
   0.83000E+00       0.43551E-02  0.94819E-01  0.36132E+00  0.53951E+00
   0.84000E+00       0.43892E-02  0.94998E-01  0.35913E+00  0.54148E+00
   0.85000E+00       0.45089E-02  0.95863E-01  0.35664E+00  0.54299E+00
   0.86000E+00       0.44386E-02  0.96128E-01  0.35505E+00  0.54438E+00
   0.87000E+00       0.46149E-02  0.97139E-01  0.35310E+00  0.54515E+00
   0.88000E+00       0.46628E-02  0.10143E+00  0.35379E+00  0.54012E+00
   0.89000E+00       0.47085E-02  0.10185E+00  0.35195E+00  0.54149E+00
   0.90000E+00       0.47551E-02  0.10247E+00  0.34994E+00  0.54284E+00
   0.91000E+00       0.48800E-02  0.10264E+00  0.34866E+00  0.54381E+00
   0.92000E+00       0.49857E-02  0.10337E+00  0.34664E+00  0.54501E+00
   0.93000E+00       0.50378E-02  0.10344E+00  0.34505E+00  0.54648E+00
   0.94000E+00       0.51213E-02  0.10392E+00  0.34289E+00  0.54808E+00
   0.95000E+00       0.52106E-02  0.10404E+00  0.34122E+00  0.54953E+00
   0.96000E+00       0.52181E-02  0.10460E+00  0.33892E+00  0.55126E+00
   0.97000E+00       0.51951E-02  0.10467E+00  0.33805E+00  0.55208E+00
   0.98000E+00       0.52314E-02  0.10411E+00  0.33648E+00  0.55417E+00
   0.99000E+00       0.53646E-02  0.10436E+00  0.33465E+00  0.55562E+00
   0.10000E+01       0.54181E-02  0.10439E+00  0.33294E+00  0.55725E+00
